73647824497
85825632001
40003221080
47471692717
37981948331
42742901483
32588131514
79891270953
82711322759
53843643354
56578438959
18583421480
86885961020
38530407616
37633749007
36635396677
06463044326
07331720807
12688456460
19221868491
94606703968
82285964781
29104883623
71405723418
71177943171
48477606629
49113980562
89208935251
78004912424
57112330978
30256511085
66404591872
57410008303
73027888199
45917262202
39792329713
91020711773
50901263593
70653916786
79304718675
36327919388
56966011671
54570794058
37025827428
11556616905
84159661423
87241350266
98613121148
81818384603
08557437039
40614511205
96991634306
37139525020
69656808394
01734251213
86908668723
84085455879
93725232071
64384604496
78416501645
82836686537
83966249655
46748092582
72273210040
04180652804
09101064895
16662696548
99429440332
67470588199
95555255523
41503194129
96480953054
30423737298
69929232826
04134865194
94299203176
61851888763
30321337404
58416714850
54239289917
52351323019
11843421667
91356485291
18229000994
00612877954
33364384171
16897889593
86784846755
96089710724
48825281127
98490188618
25481041171
64975709348
35592531362
96748117997
51353030647
76591674825
76624400551
34436550535
00706692554
34804855449
27736006157
56849462114
25699775701
81739118990
57623294334
57162619005
67864896330
73326232042
11878439076
65148941846
06408276265
61531938179
56274492931
99210873978
49261275559
52498889753
53930174555
07467833111
87411816004
48208782354
77245366179
86250789045
88290876767
38776971230
15404197325
93227149418
79155086738
95712585463
03294856586
86513281537
92713094673
65028671872
70774910145
40802064707
29696873573
01039589479
92845225498
12386129059
49314133270
80548402856
15323711060
20782277474
29341703985
65788818102
21466889792
21685535060
92097435407
66266772633
51847719687
12220840669
19110700809
64655212079
36282778323
69153022672
05142717716
03044406482
19441490467
37961267278
64324611062
74852091261
04738775383
46883718474
16212742596
58846639600
34158353496
45273900467
46877673477
68074018321
43690492413
84657945664
26329761387
08868321978
58134578670
07468437234
47442586774
13931925733
05791020965
17849004683
81680689929
37863568771
73913460449
97761666296
25188743296
94264572780
58924746962
60027962560
81978456568
42210110128
32712097637
40101705070
62372602118
18795977830
47529975769
62644019684
46356943152
35497020866
09192787400
01813260380
07185142560
01774380167
14963349915
39356883358
74661832737
51373639354
04354856087
95441300756
72084751824
75509963927
79681825787
30336427454
37416017003
99428592413
38718597714
77075549245
03258129640
58513124805
23921449397
45519355945
60136718947
01815541676
65003219195
16408086183
67065647710
25348466313
51187027464
94903417939
91235155051
26708473808
23413917040
61979393029
65113994634
52070604497
54302504491
45487508436
77736123196
65619415979
44735088628
83618003441
91950286493
98728402222
79758867452
54773795711
07272437266
48826257703
96971490970
21765690063
73440746870
44989366457
46817076596
02977356434
60686987272
33194512610
63141227052
88581013496
36981711255
25280658428
74773567081
24934465556
34533642128
45286715499
14112944930
28569248722
01608315367
32459062744
61531472178
31518845396
99928626636
53480619030
77322608862
52770595690
28903898908
88043730691
01886167089
74016819470
78204134840
24711597371
82334832189
58816880795
74913766730
63358576471
76248055265
29433865253
82074996743
51040141130
91276654085
24486718797
02715908543
82311910989
16668589582
35756077808
74660273920
88374558376
15005160604
67724323648
75309984032
34763033063
54081025100
40042808105
07365956414
45093354365
80158164282
56343854560
10257467469
53046505076
85628141213
34151154484
77317130740
51795602413
80196012733
69100022840
06698303367
72592755366
04514325914
69465933847
32451549936
10620078589
60911907995
41148338892
76571996360
49977310720
19024581572
60247604872
27166402582
54640624298
15469522283
13762741401
17405948727
02499229024
18736596093
85084046954
00060639369
89226870358
40833084479
60281305512
25183541939
53624566017
22897885497
62724163734
15543927036
46635678969
11214783616
47384523617
24400653407
51126270293
48562066483
98974080457
77105136071
68124397877
09846407713
02519945572
19169581186
96776178652
77477350546
80731053019
08627578571
39780705193
97570262518
65602169247
09567752978
25923199609
88191073967
25378463631
62901667716
34651823532
42602721315
17741099355
78321013860
75804021505
50682869098
50665252926
38539302024
62727839651
73622786923
41119271320
52997637101
54295766904
73464358466
95349219912
65428709653
05403680234
29564154312
43180426227
33428469072
31336139561
57108867253
41176222136
50056151271
96464095664
48358796721
67878910104
10084046319
50493460344
99652363364
46389726926
63550524135
01020987024
03184058010
96569908211
20203955865
74224919579
87617941716
04506279023
21803061351
00519311672
15029216181
68077729418
61493392080
78733527058
59294665545
98519147503
00607073722
51593576256
53042746442
13161380272
73195981820
40418647076
38637579978
59646561380
05053818165
29863498274
37088167245
88986488427
13410858714
93867886071
01422124188
66751225445
12884570354
53266824660
95589398992
98299107274
57289658031
93050027363
56498530364
75741250497
48566932789
85469406370
83009563166
53638692817
82093291275
53197716860
43432381938
09690116881
49930945584
64251009677
23315198343
66611206140
66508729617
56746814921
59645596852
51889426483
11021709201
20052430166
43235183531
02393405798
58904713600
63371524528
30937751990
31420753887
76876502712
33235889345
67230401519
73327359918
67730650162
42851685049
39231127783
24977053018
60346636187
30272594887
72809914154
90750225832
19486143658
84827203242
42990082102
67315336529
33063376223
25101605856
84843208834
35687148105
15967778193
52516374353
17875490182
38159815918
75492492572
90193884180
02015512613
89226622348
82314098773
94037306446
69624059396
53733507135
06766066378
24518544904
90706992130
45459967511
30935107765
49815370037
84083400622
84713462301
28991795281
92546193959
21523665576
85182152779
49605520399
86137260491
76925700418
61119044415
99978995275
60263151813
09960353116
18789648178
19988351057
06410766026
90082965539
92229631195
93792652404
76715889251
23003719621
98548912646
40299304533
03821612913
43076815239
74964773588
65786380194
10890231378
49904633522
92399144168
24303756813
87419654944
01493011226
13752153860
98434466769
43964418334
47792658103
12200090638
05884936899
31456605643
54080868408
77846576257
41276484874
39904384804
06127923891
18180062088
70717060470
17224797998
80075082673
03208349694
61370927096
38176894063
49911091525
71381925857
97025338186
08535177969
98835598631
98926037476
95357606369
95379572717
98762969449
46579144001
59896280968
50826082336
52416796641
55082053364
69706682341
34674061330
77663048008
23851924038
25275836458
61836477458
08759852728
24246071306
70132130012
24465339209
01974447087
30404990234
52815847472
73273490119
30815769554
94412401177
64209508441
43849157229
83794519712
65818014923
83304427601
37282979428
93653386082
67582031316
14882404132
26726672587
11468251274
58714621646
17547299534
09703378967
09621894913
26885546449
74846367115
64369980212
76659490315
87510061367
28817540249
16890032462
98721986350
41216658282
35978417657
34077346552
38236277204
27053795198
55400224642
67208010716
56404696109
16045324565
16513766650
78645811874
25812201374
12920393555
35357616190
84218481171
40964360541
55505439589
58165817344
50874404694
42217738888
61766622637
17841260686
61862324593
11943442099
33380849311
31542336609
77023347079
69090039235
46846545070
96444360546
69224347753
21328922410
88761642305
68113737596
96045907097
43449262782
52133923619
79817003143
62138904633
79218973462
03214829646
98558409657
13136498536
03393022775
22972537723
86193348998
15498908286
38499054919
33110685330
30211062684
52325956585
32945108640
03051462190
96214252961
30146434979
63829528213
18026754994
62955720934
89987385932
34745017330
09028088460
65562663324
16143509015
73598682616
96672765770
58601453271
19847224005
82685675257
05531985254
48437449912
31103425055
26553916584
42795052229
72097393973
88587227252
70306857363
94604803284
60996895180
38035298640
66309129694
60084138821
23093477471
13757251186
52672429230
60946457586
56405558042
30835693006
78934681932
93244806513
08356018142
23427304149
39139005104
17290769137
66429536416
51615932875
92799666566
21784338215
72838790440
67078619400
69483995076
93950320735
89535834167
79818539407
58941391637
87945448191
96281181800
75243989998
11715226137
55711496691
35960723159
64251120868
76908546087
57572005054
97987594856
51850456512
27196648082
41575310292
25168844576
36858876198
68465472327
07942429996
89508949371
76343981241
47839944170
30406156967
91246459672
18145075147
91849979062
41749247270
51727257733
29334636310
83565325438
44524550041
30194425188
82023423350
10117699626
29388864948
43591335121
43139996930
89156078055
46272075403
78258219854
25313903213
76113977887
93731426792
42227922558
49113618027
69757839509
70766517979
27465873032
88457557445
49425016029
97496309312
60916275323
03806410890
52636521930
03489437711
03450819807
85435927115
62446959995
08653481064
59133668440
20998362155
85410681662
52385887667
18914642637
35450452529
42984066779
53768673947
46263616319
52840510849
57557498586
57938516589
30991263965
15786657299
68834310577
04681540260
41287625413
86913381339
72467162205
87368341113
03090616925
15033302250
88282547331
05775239004
92382699879
00084263120
11403680302
01074136754
67655411576
90062608256
15572953612
45201552362
81364967912
67847720468
36514509511
15167851377
88307884662
43715567311
90839670748
34064827441
66009477715
81372355021
34781070824
38102888873
22004673344
24463636620
44188383066
03386091210
70075541520
97180619109
61724370496
43012693247
68085173055
27159553205
20605532918
26139130621
98313397281
88123824432
46492662035
64509695217
92392580369
58109418588
86651259071
95666238517
81255670579
83385335955
30677612060
28183624653
79481925179
77143072849
41858405909
58935679159
76514370675
96066957469
95031009207
03319856868
04415668849
56342558904
01674692504
29642312798
27178314878
64118288869
07959781779
32247415020
47395444309
54644662089
72779300705
12673227863
88492206681
94130951292
00635405162
71303386226
86153365237
70072406477
71165722239
16600952443
42362785428
93692152208
59905917386
79987019261
63254389870
61678051225
23950604593
12511028922
76593014727
86407834372
17435697227
35244979686
42988719803
59314908517
63069704864
03655605633
52062797644
60662402154
28567341819
18195137954
27175420379
28187011580
93052721006
34556623848
27566768213
41072495517
24975143147
03847609351
04873011289
80053892300
65955440512
58975230155
63205950278
98176174418
99442154924
33817427415
94952019567
82268294542
91861321979
22160134700
44600225734
12901853365
05394482139
29057100114
18076704702
11689877837
36420710238
52920769617
11753311605
78218358687
99134749765
08106253729
74837685994
33010834194
13717398546
81276462708
23419927067
87064285146
60746992635
62752023736
34647959746
91240980549
93225417746
34231973592
51495205285
08772379499
29229652409
19804310578
69081867408
57129477913
51283231530
17694578891
20135090758
42201500119
40727954925
36695693568
25827435062
54772746571
25754774607
15350391108
39448317286
71260182408
25822838862
56185915211
02896769790
77385181210
71244453584
82214622380
64948265891
26973297635
20777427445
25165923939
02323606516
74949499217
46774999804
95356153523
56696771907
78817168216
42090135391
25830131801
38338316335
49818691204
41715235776
28387882170
99667820776
27158965335
91313320989
51272277970
75979571203
07028572247
82762896566
63726070310
09365451722
18800130009
84590808376
55526981385
92402920872
79379835224
95813453700
21321111451
60694927879
17388035113
05851449138
94540981794
30274867046
40701125533
71103702446
52364825822
37692870204
50588854244
14134431798
60761280156
44572804179
19432032940
27568844967
21839589850
83513507415
76918820448
91457052667
66151006159
61975831975
19726047110
65367737842
09867517096
00741841853
27047353286
16052477109
15738526204
69904386773
33961390304
07529807423
01410472444
36781705497
05886808439
18602980356
77125312205
82004453825
32602153948
72355998904
27512285431
43732332937
77711693364
53360677681
22610198478
21753399148
07369965765
27340903208
07070870712
01644689198
60832424924
42036667041
68601605854
01851412559
69982799332
43950871494
17674839720
42947273061
48386706430
51052763252
25237765363
97478088924
14984061623
40765308155
95927240564
72918646042
11047311094
11214365571
79195026995
00767575280
48649440959
49593456040
98196108560
59507148452
84339053945
28164668376
05596501054
11293367591
77388874225
16704131702
12001978290
70792375633
75083457230
94217951378
54872249236
44416808730
79793896442
12724657027
85273926385
14462595397
38894612409
16202874892
37434866166
94039814520
49178959959
32764469269
29817650530
33943226732
82801492351
09590864100
76130188146
10891448252
87961095508
14605802314
23502020634
50451991245
17628293878
13157864570
01348400052
45037286367
40709345000
50678222998
52583425661
38690299794
95479823005
43671815544
56500311740
82539065705
00893769180
56069358630
90449802958
84221184370
62905693086
38525682585
29741367669
50916423451
25508140470
70159044408
80489597409
75006075768
10926874014
76382305893
16246980444
98579606729
44460841563
28546037673
89566949025
28278095805
73501893484
14559735189
93991708778
88035758045
79998881335
87864644141
05835009985
99417758059
68144534386
69323339410
75703316011
10363030343
98343065686
35425392846
19847506809
39121542265
77566881366
02089520278
43941685430
55232207377
81037884439
92429800681
69268107852
85528053963
74300969065
03242398158
93188161673
49247096657
16166945084
32853593052
13703715125
85284668130
12671189033
35454457929
95577215991
21242375699
80472344481
65369298802
33521954029
88882887104
66232480130
77316209975
84739994953
03624514833
60704898173
21999309341
50417037080
42818166582
58586191115
02351854067
74939494013
79696632547
77392354880
19674552300
14938451560
01628121117
69253043792
25089425334
31703627000
61934913809
84221197140
26074959646
07381777794
12893442529
70587833917
56530336243
85403087996
46723139149
59005623990
04500094976
43036958811
11056870699
71445522638
95501953408
48152381529
37287713343
70698316096
46195967670
83590341675
66688849009
59071357204
77216117791
81181272587
88408904089
53640904201
32427485496
62030657765
80469789313
21089195425
75408654299
49330375029
14394239864
98527106857
03099391376
38163769367
29059626442
45113696402
12692235611
13518251756
58445411824
86202814964
67991586033
18657448628
78438481376
90551752866
81665185832
83332927981
19305247949
70018098377
31840070342
63633404861
51053838685
15085642941
76069259683
57883017702
81611438951
10244911532
11456569147
91696635953
66923127760
34048576095
53807859409
27030596331
44271262790
83079710085
47565361825
59583395595
37396607116
40432267445
81898818992
31572376089
42422207654
84605056565
31388688265
35081777625
09116756533
62800519017
90989981992
93192560599
70072300210
68679516620
35662343152
48578877524
76317231360
09260295548
80240003040
49255245486
73700228642
35943932869
89364774314
85266304865
71637548978
89535337849
49734216777
50485326519
35133384143
95522194231
20628546870
94133687895
24254271686
96923842915
46201207131
18811102812
62719819428
30940001705
28905633678
87668068548
28052783998
20632597943
93418672460
75054400808
69422101796
99854589717
07450103022
38616098618
05715399177
20623800820
43079954466
39346925124
34203977422
55734265161
67434304473
54388060963
38685394719
67589607146
43774106978
30020073736
16511436595
43789356339
02694951957
62800355733
68292128638
45836113868
29751104575
41229010323
95138227508
27609887984
78541008365
69553181992
26985844586
75451816019
70235809341
18510157584
71736785909
67417793278
60832547417
02646309838
02313880060
54175062163
43663391714
22688065327
83443507849
39203259124
25132645361
56082353028
98752246461
82240046046
92655349750
45528993165
65236620202
92287760290
47239424344
26040389489
18599155229
58625415159
67506291078
96509718624
65064124119
02415987628
92849857604
70014783876
79973689089
16352680165
38058274927
30275525165
35296121733
30800844609
89989354197
92227225433
22069337647
67620366164
33778041142
53856098849
54158362627
43064487120
31538679860
26098315840
63159336768
62150733473
26239372956
55784194229
22648504288
25021700861
16710368316
09850843924
40545176110
80367551229
78131254965
60898867745
82170747660
65777753885
06563397185
53647957342
53171170590
46188983672
49130553613
85730658003
08025954949
51604359117
09609396978
57252433360
30864748154
73722836851
99488518299
45111037324
90766755320
73454744066
17564532141
69773921747
38039721035
11201053562
93521395845
20258311982
45682973550
16838616430
45466261246
19770935597
69501228134
81270895588
16263350832
88276720992
25375589847
59466488358
72438350836
57877087205
09695091031
29632247556
93910422110
45375868254
40168780129
98806342720
96735091816
52849112679
33488588623
17515538534
23324194465
51889661500
70404132727
08636529841
09988342490
34298017598
94817233037
16116409714
47416523736
49736046501
23580704336
33902014336
58691386723
71057816046
76393410752
38826997143
59342724277
35487252227
45075208074
98804406708
84389609505
35999949944
34124518121
22641815192
59773507156
69562981685
88528231447
15900405964
52578472959
66664866214
56282387325
37842302456
47981668977
52891032269
59234424386
59429974158
62005632260
01202380858
72164978221
89519323927
96774281567
95634984449
83410610220
64299254360
58300902352
57364228702
75043204177
00475832631
97812161243
31778010556
92472262854
72048848839
05786716079
32780641942
49642031732
49540858464
80669223989
66302337481
59952047483
29325643407
35296421739
60253710653
05139671909
84324818968
23495571446
01605919033
89923299952
13801590056
94736385593
31604659127
32587769225
17576123798
48445848883
18590742487
72422564649
91773332051
22020338183
37274538548
91065787914
08824666450
94839786838
29377591608
45600484428
49516689491
26083674958
76021095432
66564832154
74911072344
81668676245
70925629132
52454449266
69134549443
39191655592
67042615937
02110335647
72827776668
80125371089
71436910740
43603400200
38643783613
77564071647
25795915177
17707067338
34065195156
64127997439
97776415784
53448219010
41299829538
81429999965
31617037452
07996066536
22322773375
07649187693
17128152932
76675442205
94128094434
01248147742
15861186941
49187687248
45654734534
09719255915
33495520822
68504560367
51159777170
02844256940
67144187514
00808317966
91549200683
09802295305
54751995536
67106108392
86586982487
28897367843
24789530636
03795681833
98794329234
68533041003
72222913007
69264830101
46610012210
91848300482
82195939258
50611871905
41288455222
23825931074
29517038160
50882312316
15415217180
56768656756
21950158774
28796387124
10234027821
96198204772
42136678486
95099871374
03357859554
79609897943
44543872382
31862156574
74330096850
75271087294
31221233005
93527998401
02618583390
04548033343
75316312576
89999871764
20508323054
86268879708
77709171299
53451066240
19881389471
87326499948
39949130834
03052796863
88852251082
82153095588
57467324804
17943441785
39468681337
22998285137
69594920589
80533474708
90885701687
23339838119
51681151131
30092124242
91800336782
90563668174
89866130932
07142693717
35350976965
31503911113
16514337206
14133815606
51271875186
00443299699
76036795252
67064873875
68901040251
73761881910
61481001975
87851505243
12202886324
31629781108
70466975093
78533403456
60873467577
92963597865
50755090351
19337522893
14930757629
13963056379
19351997468
41982892537
11027349359
75505378232
55117564321
61326560205
31624673719
29272196626
50281656600
51272967250
52543894374
40688832067
84799094212
43955465707
99179225961
70725664168
24917719794
33816460328
34542662150
24136050928
64370563643
10657531786
73281077100
97910622403
00285250831
60790724661
07750230366
92113108634
99331577146
62243875255
29163752008
54671826859
38778098104
63588993522
36669951910
08983083330
70288826689
34551081006
05862715516
96972916189
72936295916
56156909669
92274728475
20845651501
24168784287
28853932925
62667178057
41278857174
44147260434
31729469732
00545193237
77111983602
57428100793
60707109576
44697380494
66466865990
61089607567
55128343168
47623625667
03024220272
91218410348
16992999942
26098839468
40158469148
78452801182
39582026074
37553916099
30722735914
37251296874
25149365827
19706643975
96885992015
76346477737
59118674558
40957164327
97903881732
49616030819
34824950090
64916419515
43504874568
52246074941
68599175503
14172967921
05782752378
06661227806
49201701723
89340595122
15437408626
47057296463
21780336605
27549034970
71699102535
08051947010
55575860075
02045909366
19737523108
91888512963
07004794400
14315574437
84238715139
08105865286
39258780366
02472623814
33817948357
58489347010
66299754391
87908453553
28774660647
17808157333
37948663432
76170652997
14482223589
60327842401
74974032138
52932304260
79616254684
94320259334
12152041692
76687569811
34785295003
98098279206
69568618489
29362744233
93057070760
20966692569
97777361845
79988270541
64250998851
17343472985
41951542912
21383938509
27596920335
85018699306
37214837794
11515215494
19896746417
08575940608
63391066127
89152766722
68850390983
96010175283
26095887176
06973434982
04019622400
49242565490
34132078607
64003836658
41745550414
54631529837
15049568011
72188750791
70184600110
92936325175
30751441743
97155675118
41693288558
22016267530
41741834355
08612922428
56362036660
57712932187
18499521269
47328881600
32994954615
60508624473
53316794749
51816478819
31283675606
02786527232
77517993920
45302280936
84696549866
40685327403
24466938685
86465991688
36872774925
23597457199
57169323951
36061928817
69663597758
69073713908
04722830428
71181662218
22186317583
93950745132
98146049987
89842877910
97572417799
63719312216
24574782100
72952989995
21476157409
06054705208
08687757695
21576854823
18565083114
64346756613
98265415530
09875637810
43727441277
06906228092
51624933142
86906837452
03809250802
84346840801
21460408638
71927666439
65447304512
16155552910
19705837587
52391453023
88182800840
24911174214
11572424637
51060648332
87050952349
24539133141
93651513092
10061496222
91017468473
10012699630
42875393381
78263907583
30580939599
22865535798
01698849547
67996695122
87494184983
21278151262
46649129342
49755404747
90488506678
52233687895
31196208436
43775976344
84339807351
38717013713
37092514807
24845344131
97045774994
91594902985
01105491050
31216997103
66407700644
40254620730
59705433321
28740717116
99323061088
01026470250
73877204362
90767553018
60576847509
46503697351
19368407254
17441946295
12231687566
55234670619
48977875750
83249982547
25993519350
06523969440
38204820843
10780801841
48610683548
67283811418
35782406009
35121194243
41691046772
70999216967
66965776167
51798746295
02884773165
25815576598
52013126318
04676190522
77644816453
31612998724
70076112974
35601099270
02383942080
59575871445
19571348198
61896357953
33308676411
11454501358
03026973868
72450141016
80036776538
22210126073
27250977728
67532175759
13857007953
27109550327
31751703422
39432603802
10505730941
91470743849
26388930943
06318309772
60022670863
90369573667
27067805435
38810310237
14984063164
41211335155
33513258408
19531178311
06526612183
06010639030
79071708901
42169634834
59916442044
50549557890
42797277648
46399260006
41710484674
00837371354
04860183539
19399423337
50351902474
04178588486
53205066492
32030393939
13225698706
44504092137
18813514998
56592864958
13739320333
97825414064
09677239557
32438614876
17765684375
61409936047
27324896235
17653642957
64058647554
08373500602
40255861612
61875027478
36082160510
25786869385
48218918100
36304511350
36718866590
04174841780
43197640317
46018823213
76847646196
17311889090
03337730227
94486702855
68191819686
79676487505
20390924663
72732661810
23997425434
88424061585
87332163992
25002743211
27033338744
58136791295
66830432443
18295794348
21860823141
76117670715
46161393411
15488398053
30574713287
82266729200
17813609072
97262858331
29152223746
28810530984
14223029883
98605231128
16084439007
37098675635
07120628559
85510895058
65519340035
09026674714
37552332517
47581859317
75502076693
91576033043
11646531891
52576090783
42325963534
45000866008
80740773512
50847880483
38860196670
52680552234
70099199138
11740461835
94842859062
24790769827
95311687890
99661216676
16318264492
37258909608
20244862541
27436151713
98232421273
36158385712
68966852906
86793097298
50386474615
60631396473
50007772469
78243839386
38979565454
23160751803
74315830233
25327819006
28360935170
04040209238
83252017033
28081196588
76139226377
95637882489
29773358984
14643084918
02843758256
48702380890
70441963475
52208299579
45493005962
70108939727
68949561218
65542884465
05765787758
54660208261
94851636056
60802233410
50120117861
56287538768
06642233461
84798289903
26379350714
52852744642
72582694869
26359977591
08848470509
67476527195
27030053517
91410664883
29597928202
95727163009
46747132532
64211782136
47247367375
57222361587
57472028969
71357708655
76078822808
10710033924
05154374582
31831417718
00302719556
89748142478
93382818878
32581322691
12579975132
79563947801
93897142707
05439461310
95603117241
67933735764
57504064985
64922427228
64773836146
58193105236
17181345628
38980050144
11577838646
80113986464
36988760220
64774088949
97664740081
97804621387
50909007221
60914192730
02337825354
99037273088
77755831332
64201381931
60838293025
27279682703
94156189832
34265093606
43877999901
73471026388
81231265770
71881156593
17572004904
72403939665
83039210386
67366116912
89291684802
68188758756
73892918791
81872604387
39754415494
57144848705
90266021723
49443293315
41573090182
89766302467
23214177211
02761468509
00626650589
74532311216
24498649618
30985342432
85917947578
13703790683
68072212131
67942876966
46248329447
45200651355
89912442486
45740514396
85644211256
40085108534
84342544749
50294109630
09778371152
68399453986
96441630673
87406740316
92407417189
34286926468
30683499790
99874472337
48252071322
96692194776
53797589547
80019723568
98228771324
26813918080
16008689887
97929290027
31194245182
09061056431
71963808616
26696122738
75220125382
26855687051
95904326708
56640758996
82364962118
44291428102
73784918462
16566041539
53106139356
72837790610
17980122561
93457067989
23655976343
24535424756
74569612467
86009926226
61061102061
29995039988
04316416924
02077806254
69336915705
71065220397
07785591049
97020344077
27844727850
81698864942
16098144792
80720537260
19878807326
90589537159
49117357126
20026162003
42787987845
11948048345
73965873995
64247820961
29727009373
24022112152
64901158935
03077722086
14453797691
39565156188
05884332590
53803506985
18071942798
62642166280
44729956212
84242749542
65363401136
93614864888
98520198829
99427818421
93919555001
38667571063
52177870474
02931010497
92170745182
55710779111
64213735361
67344089068
84809017841
69062297655
35584348678
54002257014
20103273849
57160889347
45811257671
83082916829
02965030339
94876252246
79258974519
89779306474
03898360271
91160654289
05020237629
89368299628
09058643400
29974412409
26762462597
70529087870
65774356640
42746171771
96771745624
73685117160
67534621229
03101183127
82031055054
09501196808
91260843928
17039240521
71645639296
52140717598
49491457491
59533478988
34293896883
59318284611
91625289277
82666534757
25205003941
96581532477
09602135921
34011349542
02233494471
83725932778
13326321567
77238059105
59538142718
66738008095
82768487371
22221141981
35763193588
56931088636
15939656364
57630667505
89446272136
84097806337
41540739860
28349595443
51203502970
08961851497
36959611964
13432923682
79256497353
71096904833
56419551120
11148397186
76280362169
38569639603
75502276818
53941630499
85406737867
40186664688
58143930408
15574691644
30780997445
06264793703
26921971338
36495225993
15319245977
71945350442
22442524754
99208134742
03085459718
03362532400
72608798605
84105978254
27377609236
53564326740
87056414327
22737394507
03813510665
61909311052
22782269481
02356238973
49318780235
01362744724
42771366220
88617747931
32194555467
84878863770
36929150749
39388274798
50396229806
55071808181
60648895229
63850507732
34334658989
45336773051
60092469784
18795740606
66216212663
26782366706
71485339444
23143932323
04241784089
16341472091
52102373756
65409290889
91289033069
36232076534
36941478066
80375284655
30408022373
51334716490
72502288310
33271697762
60338226977
19872299149
72029689453
27304563069
11665276292
98239192468
08895404977
18359850289
72832047482
94020116612
66881024612
31814937908
87208004954
39715444431
80946128605
78322179516
58393492053
07369044071
11582764797
38400871671
31376622925
26797212555
40264716518
27000131352
73294207896
02516130684
11107673276
60291463086
16399334927
85962114628
64301607526
34144120066
60104202898
39418405997
43193009631
30006016661
55383115971
55202477461
37855523855
80345595142
99350071163
95396840672
34034014882
49101376076
09847556427
12078551498
54802229344
25888309820
05849058762
18739673752
49621733269
90159025954
14643412162
88928404645
62210060853
07000104106
40120090908
45299183485
76246287153
78569863191
97071517299
42378704831
73878458184
60733865390
41123959017
06526791564
48279498958
05267604294
69527589720
57579814661
68759998097
88927036621
05577645222
65337877825
06729725718
02884574157
68409527647
90849244722
00339071235
68684446289
65667915588
55575428013
06446068943
53064139258
05599439183
65618758360
43278410193
78963423860
88937781663
13798209320
35059477612
17947901212
80253754877
54141712278
37414730214
87397984993
86028296959
90559300084
93401304762
49770894217
67338744500
38125691067
85189744422
57436427279
33673149466
98208590242
77373809266
94067793340
54829700715
81442757719
93810391466
09453755010
46474614392
88026601385
53480486112
26891130683
46120214654
85327397668
43208591701
25878641940
23680226496
22916023717
20948937144
82985556857
92624508143
88971027827
26199261736
32952734946
09056735570
17726484690
34780896851
40541284783
21888348396
71192063728
21100414985
97091028868
56045535474
33440900777
62358344726
93686498156
53803487214
97097966129
61996976556
22739717593
13154841171
82291845967
19540493415
10622735066
16605746880
31547733394
80179161741
87210716882
24496876946
31343794699
89655420498
86410105409
68056499333
16605904954
27677273274
55691977087
15136631509
48201720921
88483272945
97034424580
15998041862
43276228831
87631248140
21862236747
28536182943
79862817929
74571303342
62711069439
12911546529
44234124533
18830206963
85658426129
39173108943
40446079711
02013231957
33709102377
99356910949
00587584189
59644275583
05684340623
68893497816
66649416727
67697020418
70076597174
25919031162
84471222225
71727422369
91713712815
15280588821
78380512470
23180252541
24856247717
05634473142
58671040867
47287068623
93241574940
49534297421
73935426823
05152843490
88262474064
26517668125
69333009555
70045087259
81776858688
59802882495
52675273334
76413357514
14076753567
72667004155
98718167395
27983149574
72522114680
71740614999
82321860630
59824890215
96842495433
66089225051
35571412661
55852035630
83866777915
55811862115
69632445895
79788415288
21864937187
42546202352
76571022565
20341961258
17231290172
06507614556
04733599274
33308240030
50176703918
41981286268
71932719213
57788501693
61871781156
97537773602
39834866696
52724458728
11422937359
65347023354
75392591610
94090069898
16425015841
28556641966
08374550233
20758549803
52373810269
54556642929
53064097946
59545670758
49110953139
03672085011
70560690889
38916238938
20295361188
56181600026
80004407968
40554437728
38451144844
30063082702
81989848500
82815262406
54408153917
14852944031
31224392711
98210951545
78349207687
58688456052
61143602525
01055262679
01663591190
73341794966
00575730772
00295400409
47124449876
01984856433
31873785261
62547479348
69946647022
77608085023
66134011087
93599010611
40591742427
45012187310
05375606040
54462140663
96236403310
44203835099
69286031456
83701136688
76585206793
76430874394
38495016810
45288663561
34332864992
64697415569
43630324670
04493843523
87922032336
46000007803
79190862554
04415062575
60851610390
77042877755
77003286823
83016030711
91732145363
03078715077
87963105070
27501644826
48214095845
42892544264
14486114477
98542972614
29842023634
51123836583
35045001881
85955079236
54645854992
63641837770
28312856276
81557767261
66599409547
74467680605
95922418934
88351581794
44129959929
25760132910
45544370319
33409854121
84034255387
13463508621
49778912798
27534489035
71662256046
37419313260
47691548836
66881385751
30476645534
76557580552
17309867898
66541834829
24103321737
53827336434
83238116982
95631006820
73489163810
84046029540
90032688454
75780766282
37713177484
85931217146
41001281534
14789462812
49291624453
52816902776
64811208777
51852302513
89358084252
16684975243
64477164004
64535096344
25551291874
27088601132
84106375516
46013011325
59058713151
20354332838
45754824487
18180487015
46070226781
12307259664
86912001810
40082593537
49512934302
69108142314
80238734143
51434023524
24817852084
79749504757
32804513953
00197590922
42867168212
96212410134
84498212034
31621817770
79251936491
93141023474
89421244233
50142833815
89224621546
33172373271
37065629057
18069642417
68099831876
90211015950
38210908075
94864962308
23553909769
02170378990
56812670333
24810268152
42673601205
77643426583
32733910499
83209457363
26384148386
27295774946
37711658195
45382641502
26622515149
95972694255
24108511701
52668811557
82744191117
42201884150
19293739854
61650999100
06834777562
24580914814
80672720909
07762184150
45128432715
32536356499
92731140639
18639078691
50421343300
47838533550
55989501655
97856192392
10962841985
43409080273
29880728383
32329722502
12065582711
13950441433
17145708784
38290192592
96525605753
68649679468
65691890314
48371168724
17190879817
94087331122
65260317683
40109919596
86739579145
70637403832
63666606555
22699262323
37671321094
27385340075
84349288874
40635528889
31718968399
29770122157
85902737724
60038944779
86844130896
91548576669
81281338658
09532127336
89568777287
47949080177
01613991301
14317089640
30268765824
01508977538
41204517345
49192944289
75912309516
20212430453
54232445376
02653212757
06891529904
03439102008
19648777977
07714706292
88972436939
30807085707
50698723875
52375477270
47917183801
66537003149
72564212368
41635416487
01066131872
59506572171
78530685164
23372694971
51740665356
62808510571
49765201538
73846791233
24741463428
89695881201
64588383525
50435496819
09674327964
06517220580
68203644977
74564937443
66070064269
37661865057
93560164715
66416066866
65666003860
59952279580
93165586213
43096309223
09529631411
58529788869
65382146549
07996845281
20847231430
22345645205
52392996851
46390971658
26055578272
43624812655
41408162306
70831968701
46423816737
97047355419
20823644323
12657538128
93502556809
05640611336
90031372822
96045131556
85035215367
84009397553
07045632294
55264218113
46327461542
61814906262
62981818815
40853405599
95748498772
54724118711
67498287461
82528609250
53052364674
95189071020
40714051330
98579217518
37470227349
82176486190
86550111484
46466971391
64785099758
67750660337
77884821290
46004071012
37876703626
86076706050
68608781216
57172397240
77217182015
98896375016
15772881447
59239547684
05507971848
86290220141
23088284169
53153803666
45242468497
47261101930
30049060129
72857013298
65947872533
34442795584
26999376290
50210296877
68156272612
04596734089
58535483516
00333827589
37812397081
43531675126
56393678360
89116750877
00186802358
03995326891
56084628788
27515095635
38020491990
31042069283
47312120565
96441576830
33966339680
06544274221
02455596531
32153495838
79649066601
69073875898
83197057832
20954334654
03885289408
66350327513
54372016702
51535386485
81317159495
38476942763
27893187825
46056429358
19506517599
47687466586
88261172227
12338166928
80385572437
11146977607
96770907686
89991334217
26702478070
20043644038
59098272886
72387791322
23436244913
56885801760
92071169619
23957573411
14250084023
76393499501
75911275439
10633509024
07730233313
92154465485
13502511067
02010932115
19529752161
99010490692
41741797848
37547434047
33222782983
84270998320
32595488530
87290957028
97042601393
53392420309
21049222229
81226028605
94316179602
64114370980
57377871681
12223946967
08866017684
01203519798
60266014374
26782029422
71511015351
50031412671
94756337993
80390726707
92303564671
41614248708
35899261771
82171867210
81153967117
98182569061
17460173678
91209382941
97480141413
19988888246
58520078993
47083685357
29577377260
76716162973
62030407454
44421691171
27704597400
25797994994
24185803554
70086729226
44114100900
29567857208
35621953823
11471756170
95687945979
01587703380
87772164505
27698048967
35973311983
27969794981
38311758063
98432376299
34885447814
54210374492
07847524821
15563761244
31757297751
05245039197
71371447192
95093377457
59323427147
96084288096
13473994188
48275437693
25289675272
22754565433
77248869865
85387185931
30692622943
91848082584
51785531761
62078983657
85467647404
09079059538
25196512241
88017323139
71505660503
68116638252
79530406983
91684554140
88032585838
58692477475
05193478548
71316036605
96089891185
18138715668
78822985513
68525304907
42528526824
27365438394
53373743237
20233811767
99956128139
01957791987
56129896494
89250302208
70814048073
07295872562
23724502520
84738977990
26328513208
97886697896
09846324254
42519673225
57165944579
27576127403
20629874299
67031438059
00654448729
90635329374
42929326206
96554176376
58297692538
88140125818
55579313981
84627018645
31653565986
65429464014
77521411454
97834464446
42438390591
05418061507
48291570338
41382127440
42886752366
28768176718
65974238906
15877921290
07949971638
85808839581
80340422485
22741637580
90777860118
69235553148
38792021212
59042560938
07508279575
67027084509
03942411146
42231955969
33623832657
88499779819
71134509519
76919929094
88135695729
93414109755
43877463913
20778739424
37335443672
72984191878
71557434156
95166934750
63410538435
31320036005
91950597572
88983506976
92812527499
86937168850
55534270176
31269484002
82332481322
97975571633
93048885799
72638883505
87641299066
69651385171
42656329614
84586744948
59162140265
95134319955
27033709719
08466632337
05374827327
96098996379
86501526080
98147087267
33842468010
90962020718
18595716149
50810957724
81636163351
48738835314
82899519536
47653025374
15415438424
30929535157
87186582953
54425762665
26937765719
70450111862
53511894130
20522311251
65273181462
88741935167
08168140173
25302125806
70428765352
10498039826
88760335735
35886177938
41085875078
28134188029
95561134199
56054485184
34530724382
18991723986
15475274990
08194916443
76164296627
89622689362
04986623125
00615293548
62300863149
24381641361
46050988983
96204594991
51012038275
69692769568
14389499974
57278243284
85970377460
17083183272
72055817036
44293951348
70248148634
13565646519
96549637176
32428158266
42549391768
66025863956
20689557520
28895122627
23998248567
55528798224
51326539732
92574909240
92931864240
18425422748
32967760094
58548699704
93986464491
98874044060
64282241805
05536163613
42928538312
59199048630
02226736206
43224453544
78007809148
85076063703
21893273788
61904044449
21720201381
98591482082
88444060173
85196148789
65055377179
48828518564
31938657737
92612807307
42430660850
35175373982
00067176006
40480733483
73107173652
82557009134
07240924154
19919909793
07973753120
27105247981
32038574506
70766642372
77436354701
09610935180
89981416840
80483007799
51903317969
85947440922
42221850461
03043510353
49088916766
09458545554
94276014162
68040557270
56646829611
69167244563
79771258523
67776183713
98456670579
38462267512
30695856558
89162938478
12279506794
60653972758
93691480452
53688564371
53869029481
42081226425
29323999929
80980263454
92162594662
42774782579
93716763819
71897577368
94552810158
99449258064
62511660633
39721594620
39392775721
92442575978
65414610013
32102304170
50078927891
01301330759
80145447044
51279469096
93503327406
27997247211
45182030238
32252657577
43512123534
69408391363
88641558806
15614731759
16325550574
28864107675
21089385933
74016053236
39551175842
27602418942
99540784864
42717290249
28188779625
40022333328
93928513741
03936392116
24243801151
56362421437
74842896881
66130994846
18614555994
51823594451
69976798158
41456196891
35071590606
40055974396
68970398266
13415670804
13337301483
96440039415
14820401068
45450165437
65500541457
42176668863
99659516268
65388052165
08699573992
62349204501
72254106848
70530537884
47593059185
24703284422
62467286111
40214626506
43328068135
97152609908
73315335835
52194052640
28026547700
39579192989
63512292620
23529830983
02239650158
90126131123
52680100637
99696805040
72803440563
64791945716
06060269085
85400368534
63018099967
54351903747
11166284470
31071809492
02180332143
81489908750
57613672574
04899585641
83223450739
39609131992
44855622695
93235030159
06845543846
83247432862
04656375322
99451865703
06959664342
14198094146
15579807829
30790711838
77492480154
13910330465
02530827082
86836003759
18685737584
35967739130
67085686647
62558343177
06534503397
80751019083
62752805324
25248397975
25331417189
30686291350
70443783026
27578921632
50181259531
99275268336
19906281259
42404099064
38492790185
35933071360
70260923681
43022695812
49776623059
12047284657
68756757841
74922897027
66537110110
26198134115
08238870240
29859402505
78778170943
98539170114
86457460290
34420774429
35143516671
75346857643
61331052754
30845337406
72214735103
24160593717
53579227833
57078102629
38435282969
05691089474
86632462371
41333126272
46543867021
26919567687
41355879355
58028735419
46056260583
13896774991
50489928689
76105162011
80720015355
46087442235
55887319393
13511828770
17808827830
08233872730
21295959629
20502879012
91301554720
36567838212
67690550960
45944899980
49775432081
54405219074
41503228972
98678846322
15621550544
13836044745
86792218799
43612029589
60056295063
44932523780
97838319308
91488413670
68488537687
64461915148
94391228391
05397221062
15566509872
38480799738
33383123861
64433919825
02439709941
59582085511
06276158250
48667086307
52316769496
84639297053
82562403599
34422695255
70971510246
53907934227
60673804893
26670116214
97020415354
21099711627
68214017807
70594750350
81301573953
03519788303
66203221370
87708578691
83500224226
09015562752
64890211174
02871539663
77798125822
11862873386
22699468231
47214707427
89952135866
95346292996
06501777123
18965492696
99514663962
31669265006
82356547137
73500693722
41504139000
76853382996
68117403997
16617701818
25996362075
05640067980
02895690571
69870233850
60915555991
04979576311
24851770645
55175004917
95714366721
54304259369
79005334562
98322986412
15676926065
15722043439
32825682909
46484428678
43763111274
99461396416
99114765659
27858453879
03046522354
81172713064
33572760701
92529437746
16747246243
20168535134
34142187346
05131870159
29422320059
79105801166
03296067046
06732296359
49487161144
49993087596
31000994123
07426890674
38358167255
83178336547
15363928033
69603316488
05663595365
68685432329
47465416576
97001777662
45684607671
29567852207
34897936931
21946422694
86508810577
57557035866
63874347560
62965527532
11514268552
37392787660
14185947451
32015808729
02367851700
73139923953
44032791447
48162250369
16349249967
35952286961
63758204055
79860165529
43816813416
57635151696
18534758530
23060138974
10550976415
84822154365
04215462369
02577624601
40037542878
44583717811
50596674444
01606032731
11045798680
19731243120
86937451421
86028548099
01036053672
05455775301
65758798959
74588421919
42124054132
58457993556
14557586071
52267925612
39061780570
56295119832
75297673651
79228279391
98814215953
84924382028
52158423020
57897493868
75388830520
77666391156
22887798575
02053087768
41709064081
60289628707
53049556996
81173008970
56252448250
29984522700
53901265783
60059406724
78887499773
84077824164
42964124831
18093143779
52276796281
08288257989
01117126543
28057647832
75598206529
34410553346
69043569971
38420187602
41643879188
75101926507
35711538084
33223877371
48545295063
91810069505
21767208725
31821800748
12953100403
26513199999
65870985400
68239068983
99898433272
18112815998
95772755853
03820203121
14747544475
65575757877
11735923394
67209102890
21495856382
32779492302
77111577281
45508569120
50880733188
25364295387
82483893884
77646230222
14544135673
77236685462
02928255083
36100023894
60813089604
60699082850
32693926307
30101196324
52239259705
75167413133
24032013294
67899717218
47656330735
67706559457
18585650480
10032643214
49670380178
89091067457
12057845428
43438411367
83304982262
59621032124
15967722034
06754201901
15801587854
94205556268
21038099720
77494714330
80431812742
92671445107
34550668066
77225899242
93628480120
80047586602
70760430708
28794460117
69521922778
45776805231
82097161595
20066502983
26338721702
12265533791
36898456163
99838165362
11241723593
73766468020
46239760289
06164218679
68125556789
95690832986
20852966881
36593694471
88189365379
59639456648
58951812440
42659527776
29115104484
97338705739
67815139831
53521093665
39965843672
26680370876
76441952820
50060282759
99484173986
54205078491
47888510456
10007706188
80860952826
20748012261
87067409790
23649210825
99656275729
18779312243
41455411971
38914487512
25795473595
35313301462
88822365707
41241871297
29441848807
86134464620
06935006857
61151023087
57144336978
47910663755
44160243103
24201682290
48947975874
79588565291
07019239941
51818066403
56505476613
27856522629
69907091332
19651238679
28357114753
03116349070
70208065188
89389173840
33988980168
69250808070
40485189411
94325676523
06554851162
09666710253
76854952704
47898560383
80346835546
99690506377
26042210755
05299448608
23644579973
38575305734
00365812760
30658123581
90946040159
41628855416
30074043214
57483153961
33353063666
05328503702
19966292907
96230412612
96936063363
31962319519
15589753759
78516903711
39879467148
11309727426
22749516997
55116936995
26221177598
63761390634
60515442882
19717296612
90355624394
71080492782
32517944327
22843565288
46534625798
25619007307
67334786466
55537170169
42779605003
96499867281
18278541259
64107729302
74553069410
58819923451
27513211835
46488052086
12430355793
66327622795
23827809874
38970419838
03216909247
28520037015
31157791231
75464843696
68669301614
32148354137
04493839501
25766570066
33795055718
52517578077
15073566871
32984509664
71670204972
61453944195
50221337676
59148601900
18800227807
53169979759
30629030642
07759590544
63004998574
08131014750
86637148257
84651544073
53787399553
59423925553
50422046738
62025973462
52523934979
97907509183
29408340826
56323174386
64441362835
04242119813
57697953123
00398888501
03112368163
24367135134
04303285761
97215353043
99480388624
20534798067
06417542029
94826617925
89566262696
82498829804
95554639368
67715546403
90018651403
53672144451
66752845413
95960214612
62513792693
15921898510
55553548901
09451699845
92050002373
92242811952
67971524144
67367718616
41724976886
96242986412
79852766991
90673463537
22344188553
72101715406
38622956382
11406443276
16097550699
41292667110
09717413495
51884896359
32943652199
53835190844
96521182591
52609319814
33933477938
19751407614
48742939600
12409349241
38062273780
98193690159
11726284482
87129706876
61628301358
30959384683
06518152895
79678417114
58773960815
89809699159
58499530808
91360437441
67693222313
62649213563
71712096109
46062851614
31444836535
43234520550
21708406190
66647583939
23402973754
85071514436
64178982961
78651285120
76057326702
02046889554
49845975548
13900229162
04673997355
63810573028
90991200157
22045987624
64769755382
17354574528
42497281487
10489869400
84624470553
02295352219
96831601056
39872780469
60048769668
72769279967
20374053920
78690244370
39195885333
32444139802
79947810034
26904207777
00636541554
00450004588
76479722899
36970408718
66787376737
00406843389
84168380191
89417458965
48252471566
18102488554
69629081081
29243404405
98787483111
23618271003
48457467541
10010002114
26620960399
42429533709
60833048913
20017893968
65620693984
95539550930
66333421395
47713887227
60471932656
56903079076
77980451719
51504904672
80591272779
83022165173
16535245051
55878372430
98504378726
79264459289
51458923916
21943106536
71472420930
88054196694
22006424630
73877920067
79548378299
02118121134
25528338588
74922887394
75429256559
25278594833
61095418046
82816058499
80708340122
86613904117
50874692583
75319488706
91174890176
74612981332
55277285353
48375045320
86076798001
21709636792
53126873623
04065789997
83272742215
47010379256
70343055482
90224166351
00114657722
81148117981
17041080973
51758189515
46725635486
89440431310
37332680158
77036077751
23159371672
34064707598
46291128811
05925311589
31434083001
67145237938
78873806990
48026929799
65747714737
32892686882
79324269014
54251520192
25571796027
93348495955
81408920119
64689678477
13071604510
02626275331
31687004164
15463194166
47376110515
00421970653
76628720744
94852611145
15748466163
50250414987
49128189413
76538531709
44542237939
73653733043
79726162647
62129988099
90386612673
64626414025
96646165940
46718147939
42211292623
17260002083
22864713618
71576868802
84758291436
85786429730
64616625769
14731166324
84385726006
55244674540
93839732345
57139782517
75540114427
63180963273
85977956730
94988495619
54949408253
50464782542
09604998745
71005389836
81324883351
14248341406
51281469157
44049222363
13670476031
54873522141
43285926280
24339402625
31349280963
92703140035
60835138453
52396267912
48595671460
05480782546
20216046490
17949102526
76497784656
87228425417
16347633897
93346518260
60890818715
22964450302
04967993130
18526476976
86312116223
47558424485
53744794155
86583232998
68360401995
32593759499
64218159570
34489026850
54550897812
69330561813
67398376547
35339463886
36852712687
72393600169
51502264574
37400477644
84256961114
83164592920
41900880279
84051182056
32991211930
53503721609
81601053450
66500785083
48122804823
01843357333
23306389916
74929667613
21882101873
71458743786
93772826998
57858131570
50413281509
29445746212
59407427434
80808768888
53195054002
76573646888
55866760704
22587744842
77625690886
87985502731
27854263824
72614364300
32659686806
80748962966
02001864163
89630788050
15052781188
70865940048
18902596066
73216786790
86875248020
07027083302
32781608447
42884906563
98681060167
80037833096
62516651351
25320636669
50694934566
82518353469
32919131414
86463776864
08262355739
55652978970
93724557947
54952072661
17134848033
10660132768
10093738974
94422488799
22422080153
77530297969
53703127894
49895114499
70343962560
53930578441
16471165942
40293122723
77731123806
88538437286
11387422258
94559967719
81469153132
64221782137
81030337272
32713097220
30132768213
39971005920
39770528831
12842749789
00665046507
81566699968
59253229157
37371827835
05082710310
76405337386
65119436278
19657900029
21864580800
27755342624
61054533353
97161058974
73232159322
74773672783
55122771528
61010778198
38387160843
00300235908
72359973308
38003591732
81481435409
19625793934
00511735288
25827450152
95890732943
60408878563
00272350044
67732943595
38091094086
39407525016
20244810713
31194077391
56588073093
88086221954
60011888911
29330044400
50205577472
28937130409
31841542545
71070431729
43924331506
27020477470
39930942581
80197790995
74168088646
32634767953
93311159136
47607542871
93236177516
02819360588
01775561526
90893951355
22376828829
42939723065
31330792166
34677917083
37384020902
37609700265
58705280083
92062795582
46714252353
32731759573
11160871224
00519452518
81384227401
18554311382
55970834510
09198088639
85433097701
59231079427
24372745632
96018046338
27510173582
41953826024
59347963471
02841766630
36967033581
42244020342
35473764661
71257301900
59184758755
39854101625
05603216880
54402829364
70559937466
39147419817
12683824193
87076193589
67630057418
15835848041
76986806615
11294364240
68503107318
60527743484
46586235614
49586560595
27930984604
13710246631
02463197238
84472998983
57448343913
63538087375
17291670917
70663381520
31356709639
12545469367
41238409177
92819083105
28125787162
75346740720
48228813169
06440181655
94826684959
78334741340
20297085247
08121114835
48921055441
81388735027
70618452721
45895409371
75531514905
57906705849
97498660268
13742538692
07412373257
48016930185
33621544125
80438555456
90437954636
07281530288
05872348963
68923461911
61750573105
01663365181
72945826916
44552974524
78225614501
11485506380
34551256823
70838208330
03272710304
04482128411
03280398554
73059622509
57058753179
02667308855
69472210117
02952007428
30826036748
24239379999
30552742156
22708704341
31555933119
92569907176
88892468134
83005041228
75212115894
75615629075
87768764019
27977143093
46750008386
32925391402
64840851964
94698064789
82714399365
95201454778
84002461409
68307131982
16352465905
61280123444
98952925099
20711680950
82435558346
86269809774
23286656888
09782634346
78194869330
15137863508
69632268920
78705319878
19047436360
32261271814
13292123448
77053063576
95740437379
35610353355
58458113877
31673404247
97251620843
91505674535
41918168453
38780420558
74193468142
97116716268
12253508103
35376598069
38248083311
57107025281
18520958127
18671174613
82692894476
21029684715
60937097488
14278782835
76245993183
88304990842
17346240524
56599596091
77870964805
88528726429
98261808184
96208128395
42467967828
60932198983
90247698581
63325215248
43594785134
08324335769
22911686446
75254404194
14067648981
32536927016
66912215039
76751491418
92970560113
56004334618
22472825421
40764764553
64762692850
07043964597
69172013235
80080492285
94397764368
14283222993
44184979513
90500205549
19039907257
11714491256
95047887819
55988188173
24571730144
95718360755
31363162653
94284130700
79854514280
29086904965
39698535882
09987704327
58399471203
48459405681
56689505273
25167053655
60689565635
37015437835
07223863814
45945360117
60205645772
68450878255
45229823501
69486471603
66211226479
19834901385
70136727948
55986965265
78437386284
96552892981
44110811870
20372652668
47847230508
50466923316
64564661081
59278396407
79371427798
66983233791
21599935786
77787777033
75134604582
32693167555
89954046505
73070116007
52508561518
96604772417
23679839777
78473809143
12316221007
76703815784
94039264890
05131451125
00667174070
70626300717
83450814712
17578908939
30721898048
28824227636
70230739866
77065536970
18961204918
78062155262
93557589249
24791165340
57414515067
77960179352
57711668633
60740010174
82406736420
97946441766
09893506794
55851425818
83236052572
54986143411
49837272850
59726352262
67874193446
79833104996
08891076158
44368114208
81958014870
24413536843
84171106347
29633204943
34812175236
67468143342
05891175207
48464678847
60261995165
48646369671
97232119349
22155357936
45807813073
59372073913
74435629841
21230243426
66780548217
18755426361
84509261747
10389077923
99568465115
74401352855
42720440408
14606930660
41222661906
84606828203
67969913350
57063378619
33779434343
84685806044
74835032858
11777056858
35941988483
81973413463
40474016311
41167273878
34927253132
79165171486
18129924613
35085664497
21970751615
28793208527
75688963083
62306895862
07186311627
44822083554
37669702018
17369494470
98792614451
41213770352
42870266063
73452975563
31161938387
63483096570
55374366806
86559038577